0.000000e+00   2.544981e+00   2.066980e+00   8.707918e-01   1.202599e+00
1.000000e-02   2.544968e+00   2.066978e+00   8.707716e-01   1.202589e+00
2.000000e-02   2.544954e+00   2.066977e+00   8.707510e-01   1.202578e+00
3.000000e-02   2.544941e+00   2.066975e+00   8.707301e-01   1.202567e+00
4.000000e-02   2.544926e+00   2.066973e+00   8.707088e-01   1.202555e+00
5.000000e-02   2.544912e+00   2.066971e+00   8.706873e-01   1.202543e+00
6.000000e-02   2.544897e+00   2.066969e+00   8.706654e-01   1.202531e+00
7.000000e-02   2.544881e+00   2.066967e+00   8.706433e-01   1.202518e+00
8.000000e-02   2.544866e+00   2.066965e+00   8.706208e-01   1.202505e+00
9.000000e-02   2.544850e+00   2.066963e+00   8.705981e-01   1.202491e+00
1.000000e-01   2.544834e+00   2.066960e+00   8.705751e-01   1.202477e+00
1.100000e-01   2.544817e+00   2.066958e+00   8.705518e-01   1.202463e+00
1.200000e-01   2.544800e+00   2.066956e+00   8.705282e-01   1.202449e+00
1.300000e-01   2.544783e+00   2.066953e+00   8.705044e-01   1.202434e+00
1.400000e-01   2.544766e+00   2.066951e+00   8.704803e-01   1.202419e+00
1.500000e-01   2.544748e+00   2.066949e+00   8.704560e-01   1.202404e+00
1.600000e-01   2.544731e+00   2.066946e+00   8.704314e-01   1.202388e+00
1.700000e-01   2.544713e+00   2.066943e+00   8.704066e-01   1.202372e+00
1.800000e-01   2.544694e+00   2.066941e+00   8.703815e-01   1.202356e+00
1.900000e-01   2.544676e+00   2.066938e+00   8.703563e-01   1.202340e+00
2.000000e-01   2.544657e+00   2.066936e+00   8.703308e-01   1.202324e+00
2.100000e-01   2.544638e+00   2.066933e+00   8.703052e-01   1.202307e+00
2.200000e-01   2.544619e+00   2.066930e+00   8.702793e-01   1.202290e+00
2.300000e-01   2.544600e+00   2.066927e+00   8.702533e-01   1.202273e+00
2.400000e-01   2.544581e+00   2.066924e+00   8.702271e-01   1.202256e+00
2.500000e-01   2.544561e+00   2.066921e+00   8.702007e-01   1.202239e+00
2.600000e-01   2.544542e+00   2.066919e+00   8.701742e-01   1.202222e+00
2.700000e-01   2.544522e+00   2.066916e+00   8.701475e-01   1.202205e+00
2.800000e-01   2.544502e+00   2.066913e+00   8.701207e-01   1.202187e+00
2.900000e-01   2.544483e+00   2.066910e+00   8.700938e-01   1.202170e+00
3.000000e-01   2.544463e+00   2.066907e+00   8.700667e-01   1.202153e+00
3.100000e-01   2.544443e+00   2.066903e+00   8.700395e-01   1.202135e+00
3.200000e-01   2.544422e+00   2.066900e+00   8.700122e-01   1.202118e+00
3.300000e-01   2.544402e+00   2.066897e+00   8.699849e-01   1.202101e+00
3.400000e-01   2.544382e+00   2.066894e+00   8.699574e-01   1.202083e+00
3.500000e-01   2.544362e+00   2.066891e+00   8.699299e-01   1.202066e+00
3.600000e-01   2.544342e+00   2.066888e+00   8.699023e-01   1.202049e+00
3.700000e-01   2.544322e+00   2.066884e+00   8.698746e-01   1.202032e+00
3.800000e-01   2.544302e+00   2.066881e+00   8.698469e-01   1.202015e+00
3.900000e-01   2.544282e+00   2.066878e+00   8.698192e-01   1.201998e+00
4.000000e-01   2.544262e+00   2.066875e+00   8.697915e-01   1.201981e+00
4.100000e-01   2.544242e+00   2.066871e+00   8.697637e-01   1.201965e+00
4.200000e-01   2.544222e+00   2.066868e+00   8.697359e-01   1.201949e+00
4.300000e-01   2.544202e+00   2.066865e+00   8.697081e-01   1.201932e+00
4.400000e-01   2.544182e+00   2.066862e+00   8.696803e-01   1.201917e+00
4.500000e-01   2.544163e+00   2.066858e+00   8.696526e-01   1.201901e+00
4.600000e-01   2.544144e+00   2.066855e+00   8.696249e-01   1.201885e+00
4.700000e-01   2.544124e+00   2.066852e+00   8.695972e-01   1.201870e+00
4.800000e-01   2.544105e+00   2.066849e+00   8.695695e-01   1.201855e+00
4.900000e-01   2.544086e+00   2.066846e+00   8.695420e-01   1.201841e+00
5.000000e-01   2.544068e+00   2.066842e+00   8.695144e-01   1.201826e+00
5.100000e-01   2.544049e+00   2.066839e+00   8.694870e-01   1.201812e+00
5.200000e-01   2.544031e+00   2.066836e+00   8.694596e-01   1.201799e+00
5.300000e-01   2.544013e+00   2.066833e+00   8.694324e-01   1.201785e+00
5.400000e-01   2.543995e+00   2.066830e+00   8.694052e-01   1.201772e+00
5.500000e-01   2.543977e+00   2.066827e+00   8.693781e-01   1.201760e+00
5.600000e-01   2.543960e+00   2.066824e+00   8.693511e-01   1.201748e+00
5.700000e-01   2.543942e+00   2.066821e+00   8.693243e-01   1.201736e+00
5.800000e-01   2.543926e+00   2.066818e+00   8.692976e-01   1.201725e+00
5.900000e-01   2.543909e+00   2.066815e+00   8.692710e-01   1.201714e+00
6.000000e-01   2.543893e+00   2.066812e+00   8.692446e-01   1.201703e+00
6.100000e-01   2.543877e+00   2.066810e+00   8.692183e-01   1.201693e+00
6.200000e-01   2.543861e+00   2.066807e+00   8.691922e-01   1.201684e+00
6.300000e-01   2.543846e+00   2.066804e+00   8.691662e-01   1.201675e+00
6.400000e-01   2.543831e+00   2.066802e+00   8.691404e-01   1.201666e+00
6.500000e-01   2.543816e+00   2.066799e+00   8.691148e-01   1.201658e+00
6.600000e-01   2.543802e+00   2.066797e+00   8.690894e-01   1.201651e+00
6.700000e-01   2.543788e+00   2.066794e+00   8.690641e-01   1.201644e+00
6.800000e-01   2.543775e+00   2.066792e+00   8.690391e-01   1.201638e+00
6.900000e-01   2.543762e+00   2.066790e+00   8.690142e-01   1.201632e+00
7.000000e-01   2.543749e+00   2.066787e+00   8.689895e-01   1.201627e+00
7.100000e-01   2.543737e+00   2.066785e+00   8.689651e-01   1.201622e+00
7.200000e-01   2.543725e+00   2.066783e+00   8.689409e-01   1.201618e+00
7.300000e-01   2.543714e+00   2.066781e+00   8.689168e-01   1.201615e+00
7.400000e-01   2.543703e+00   2.066779e+00   8.688930e-01   1.201612e+00
7.500000e-01   2.543692e+00   2.066777e+00   8.688695e-01   1.201610e+00
7.600000e-01   2.543682e+00   2.066776e+00   8.688461e-01   1.201608e+00
7.700000e-01   2.543672e+00   2.066774e+00   8.688230e-01   1.201607e+00
7.800000e-01   2.543663e+00   2.066772e+00   8.688001e-01   1.201607e+00
7.900000e-01   2.543654e+00   2.066771e+00   8.687775e-01   1.201607e+00
8.000000e-01   2.543646e+00   2.066769e+00   8.687551e-01   1.201608e+00
8.100000e-01   2.543638e+00   2.066768e+00   8.687329e-01   1.201610e+00
8.200000e-01   2.543630e+00   2.066767e+00   8.687110e-01   1.201612e+00
8.300000e-01   2.543623e+00   2.066766e+00   8.686894e-01   1.201615e+00
8.400000e-01   2.543617e+00   2.066765e+00   8.686680e-01   1.201619e+00
8.500000e-01   2.543611e+00   2.066764e+00   8.686468e-01   1.201623e+00
8.600000e-01   2.543605e+00   2.066763e+00   8.686259e-01   1.201628e+00
8.700000e-01   2.543600e+00   2.066762e+00   8.686053e-01   1.201634e+00
8.800000e-01   2.543596e+00   2.066761e+00   8.685849e-01   1.201640e+00
8.900000e-01   2.543592e+00   2.066760e+00   8.685648e-01   1.201647e+00
9.000000e-01   2.543588e+00   2.066760e+00   8.685450e-01   1.201655e+00
9.100000e-01   2.543585e+00   2.066759e+00   8.685254e-01   1.201663e+00
9.200000e-01   2.543582e+00   2.066759e+00   8.685060e-01   1.201672e+00
9.300000e-01   2.543580e+00   2.066759e+00   8.684870e-01   1.201682e+00
9.400000e-01   2.543579e+00   2.066758e+00   8.684682e-01   1.201692e+00
9.500000e-01   2.543577e+00   2.066758e+00   8.684496e-01   1.201703e+00
9.600000e-01   2.543577e+00   2.066758e+00   8.684314e-01   1.201715e+00
9.700000e-01   2.543576e+00   2.066758e+00   8.684134e-01   1.201728e+00
9.800000e-01   2.543576e+00   2.066758e+00   8.683956e-01   1.201741e+00
9.900000e-01   2.543577e+00   2.066758e+00   8.683781e-01   1.201754e+00
1.000000e+00   2.543669e+00   2.066796e+00   8.684491e-01   1.201832e+00
1.010000e+00   2.543851e+00   2.066871e+00   8.686083e-01   1.201974e+00
1.020000e+00   2.544124e+00   2.066983e+00   8.688559e-01   1.202181e+00
1.030000e+00   2.544488e+00   2.067132e+00   8.691916e-01   1.202451e+00
1.040000e+00   2.544941e+00   2.067319e+00   8.696153e-01   1.202784e+00
1.050000e+00   2.545485e+00   2.067542e+00   8.701267e-01   1.203180e+00
1.060000e+00   2.546118e+00   2.067803e+00   8.707257e-01   1.203638e+00
1.070000e+00   2.546840e+00   2.068100e+00   8.714119e-01   1.204158e+00
1.080000e+00   2.547651e+00   2.068434e+00   8.721851e-01   1.204739e+00
1.090000e+00   2.548549e+00   2.068805e+00   8.730447e-01   1.205380e+00
1.100000e+00   2.549534e+00   2.069211e+00   8.739904e-01   1.206080e+00
1.110000e+00   2.550606e+00   2.069654e+00   8.750218e-01   1.206838e+00
1.120000e+00   2.551763e+00   2.070132e+00   8.761384e-01   1.207653e+00
1.130000e+00   2.553005e+00   2.070646e+00   8.773395e-01   1.208524e+00
1.140000e+00   2.554330e+00   2.071196e+00   8.786247e-01   1.209450e+00
1.150000e+00   2.555738e+00   2.071780e+00   8.799933e-01   1.210429e+00
1.160000e+00   2.557228e+00   2.072399e+00   8.814446e-01   1.211459e+00
1.170000e+00   2.558799e+00   2.073052e+00   8.829780e-01   1.212540e+00
1.180000e+00   2.560448e+00   2.073740e+00   8.845927e-01   1.213670e+00
1.190000e+00   2.562177e+00   2.074461e+00   8.862879e-01   1.214848e+00
1.200000e+00   2.563982e+00   2.075216e+00   8.880629e-01   1.216070e+00
1.210000e+00   2.565863e+00   2.076003e+00   8.899167e-01   1.217337e+00
1.220000e+00   2.567818e+00   2.076823e+00   8.918485e-01   1.218647e+00
1.230000e+00   2.569846e+00   2.077676e+00   8.938573e-01   1.219996e+00
1.240000e+00   2.571946e+00   2.078560e+00   8.959423e-01   1.221384e+00
1.250000e+00   2.574115e+00   2.079476e+00   8.981024e-01   1.222809e+00
1.260000e+00   2.576354e+00   2.080423e+00   9.003366e-01   1.224269e+00
1.270000e+00   2.578659e+00   2.081400e+00   9.026438e-01   1.225761e+00
1.280000e+00   2.581030e+00   2.082408e+00   9.050230e-01   1.227284e+00
1.290000e+00   2.583465e+00   2.083446e+00   9.074730e-01   1.228836e+00
1.300000e+00   2.585962e+00   2.084512e+00   9.099927e-01   1.230414e+00
1.310000e+00   2.588519e+00   2.085608e+00   9.125810e-01   1.232017e+00
1.320000e+00   2.591136e+00   2.086732e+00   9.152366e-01   1.233643e+00
1.330000e+00   2.593809e+00   2.087884e+00   9.179583e-01   1.235289e+00
1.340000e+00   2.596538e+00   2.089064e+00   9.207449e-01   1.236953e+00
1.350000e+00   2.599321e+00   2.090271e+00   9.235951e-01   1.238633e+00
1.360000e+00   2.602156e+00   2.091504e+00   9.265077e-01   1.240327e+00
1.370000e+00   2.605041e+00   2.092763e+00   9.294813e-01   1.242032e+00
1.380000e+00   2.607974e+00   2.094048e+00   9.325147e-01   1.243747e+00
1.390000e+00   2.610954e+00   2.095358e+00   9.356064e-01   1.245469e+00
1.400000e+00   2.613978e+00   2.096693e+00   9.387551e-01   1.247197e+00
1.410000e+00   2.617046e+00   2.098052e+00   9.419595e-01   1.248927e+00
1.420000e+00   2.620155e+00   2.099435e+00   9.452181e-01   1.250658e+00
1.430000e+00   2.623303e+00   2.100841e+00   9.485297e-01   1.252387e+00
1.440000e+00   2.626488e+00   2.102270e+00   9.518927e-01   1.254113e+00
1.450000e+00   2.629709e+00   2.103722e+00   9.553058e-01   1.255833e+00
1.460000e+00   2.632964e+00   2.105195e+00   9.587675e-01   1.257545e+00
1.470000e+00   2.636251e+00   2.106689e+00   9.622765e-01   1.259246e+00
1.480000e+00   2.639567e+00   2.108205e+00   9.658312e-01   1.260936e+00
1.490000e+00   2.642913e+00   2.109741e+00   9.694303e-01   1.262611e+00
1.500000e+00   2.646284e+00   2.111297e+00   9.730723e-01   1.264269e+00
1.510000e+00   2.649680e+00   2.112872e+00   9.767558e-01   1.265909e+00
1.520000e+00   2.653099e+00   2.114466e+00   9.804793e-01   1.267528e+00
1.530000e+00   2.656539e+00   2.116079e+00   9.842414e-01   1.269125e+00
1.540000e+00   2.659999e+00   2.117711e+00   9.880406e-01   1.270697e+00
1.550000e+00   2.663475e+00   2.119360e+00   9.918755e-01   1.272242e+00
1.560000e+00   2.666968e+00   2.121026e+00   9.957446e-01   1.273758e+00
1.570000e+00   2.670474e+00   2.122709e+00   9.996466e-01   1.275244e+00
1.580000e+00   2.673993e+00   2.124408e+00   1.003580e+00   1.276698e+00
1.590000e+00   2.677523e+00   2.126124e+00   1.007543e+00   1.278117e+00
1.600000e+00   2.681061e+00   2.127854e+00   1.011535e+00   1.279500e+00
1.610000e+00   2.684606e+00   2.129600e+00   1.015554e+00   1.280845e+00
1.620000e+00   2.688157e+00   2.131361e+00   1.019599e+00   1.282150e+00
1.630000e+00   2.691712e+00   2.133136e+00   1.023668e+00   1.283414e+00
1.640000e+00   2.695270e+00   2.134925e+00   1.027760e+00   1.284635e+00
1.650000e+00   2.698828e+00   2.136727e+00   1.031873e+00   1.285811e+00
1.660000e+00   2.702385e+00   2.138542e+00   1.036007e+00   1.286940e+00
1.670000e+00   2.705941e+00   2.140370e+00   1.040159e+00   1.288022e+00
1.680000e+00   2.709492e+00   2.142210e+00   1.044329e+00   1.289054e+00
1.690000e+00   2.713038e+00   2.144062e+00   1.048515e+00   1.290035e+00
1.700000e+00   2.716578e+00   2.145926e+00   1.052715e+00   1.290964e+00
1.710000e+00   2.720109e+00   2.147800e+00   1.056930e+00   1.291839e+00
1.720000e+00   2.723631e+00   2.149686e+00   1.061156e+00   1.292659e+00
1.730000e+00   2.727143e+00   2.151582e+00   1.065393e+00   1.293422e+00
1.740000e+00   2.730642e+00   2.153488e+00   1.069639e+00   1.294127e+00
1.750000e+00   2.734127e+00   2.155404e+00   1.073894e+00   1.294773e+00
1.760000e+00   2.737598e+00   2.157329e+00   1.078156e+00   1.295359e+00
1.770000e+00   2.741054e+00   2.159263e+00   1.082424e+00   1.295884e+00
1.780000e+00   2.744492e+00   2.161206e+00   1.086696e+00   1.296346e+00
1.790000e+00   2.747912e+00   2.163158e+00   1.090972e+00   1.296745e+00
1.800000e+00   2.751312e+00   2.165117e+00   1.095250e+00   1.297079e+00
1.810000e+00   2.754692e+00   2.167085e+00   1.099529e+00   1.297348e+00
1.820000e+00   2.758051e+00   2.169059e+00   1.103807e+00   1.297550e+00
1.830000e+00   2.761387e+00   2.171042e+00   1.108085e+00   1.297686e+00
1.840000e+00   2.764700e+00   2.173031e+00   1.112359e+00   1.297753e+00
1.850000e+00   2.767989e+00   2.175026e+00   1.116630e+00   1.297752e+00
1.860000e+00   2.771252e+00   2.177028e+00   1.120897e+00   1.297681e+00
1.870000e+00   2.774489e+00   2.179036e+00   1.125157e+00   1.297540e+00
1.880000e+00   2.777699e+00   2.181050e+00   1.129411e+00   1.297329e+00
1.890000e+00   2.780882e+00   2.183070e+00   1.133657e+00   1.297046e+00
1.900000e+00   2.784035e+00   2.185095e+00   1.137893e+00   1.296692e+00
1.910000e+00   2.787160e+00   2.187125e+00   1.142120e+00   1.296266e+00
1.920000e+00   2.790255e+00   2.189160e+00   1.146335e+00   1.295767e+00
1.930000e+00   2.793319e+00   2.191200e+00   1.150539e+00   1.295196e+00
1.940000e+00   2.796351e+00   2.193244e+00   1.154729e+00   1.294551e+00
1.950000e+00   2.799353e+00   2.195292e+00   1.158906e+00   1.293833e+00
1.960000e+00   2.802321e+00   2.197345e+00   1.163067e+00   1.293041e+00
1.970000e+00   2.805258e+00   2.199401e+00   1.167213e+00   1.292176e+00
1.980000e+00   2.808160e+00   2.201461e+00   1.171341e+00   1.291237e+00
1.990000e+00   2.811030e+00   2.203524e+00   1.175452e+00   1.290225e+00
2.000000e+00   2.813865e+00   2.205591e+00   1.179545e+00   1.289139e+00
2.010000e+00   2.816666e+00   2.207661e+00   1.183618e+00   1.287979e+00
2.020000e+00   2.819432e+00   2.209733e+00   1.187670e+00   1.286745e+00
2.030000e+00   2.822163e+00   2.211809e+00   1.191701e+00   1.285439e+00
2.040000e+00   2.824858e+00   2.213887e+00   1.195711e+00   1.284059e+00
2.050000e+00   2.827519e+00   2.215967e+00   1.199697e+00   1.282607e+00
2.060000e+00   2.830144e+00   2.218050e+00   1.203660e+00   1.281082e+00
2.070000e+00   2.832733e+00   2.220135e+00   1.207598e+00   1.279485e+00
2.080000e+00   2.835286e+00   2.222222e+00   1.211512e+00   1.277817e+00
2.090000e+00   2.837804e+00   2.224311e+00   1.215399e+00   1.276077e+00
2.100000e+00   2.840285e+00   2.226402e+00   1.219260e+00   1.274267e+00
2.110000e+00   2.842731e+00   2.228495e+00   1.223093e+00   1.272387e+00
2.120000e+00   2.845140e+00   2.230590e+00   1.226898e+00   1.270438e+00
2.130000e+00   2.847514e+00   2.232685e+00   1.230675e+00   1.268421e+00
2.140000e+00   2.849852e+00   2.234783e+00   1.234422e+00   1.266335e+00
2.150000e+00   2.852155e+00   2.236882e+00   1.238140e+00   1.264183e+00
2.160000e+00   2.854422e+00   2.238982e+00   1.241826e+00   1.261964e+00
2.170000e+00   2.856654e+00   2.241083e+00   1.245481e+00   1.259680e+00
2.180000e+00   2.858851e+00   2.243185e+00   1.249105e+00   1.257332e+00
2.190000e+00   2.861013e+00   2.245289e+00   1.252696e+00   1.254921e+00
2.200000e+00   2.863141e+00   2.247393e+00   1.256253e+00   1.252447e+00
2.210000e+00   2.865234e+00   2.249499e+00   1.259778e+00   1.249912e+00
2.220000e+00   2.867294e+00   2.251606e+00   1.263268e+00   1.247317e+00
2.230000e+00   2.869320e+00   2.253713e+00   1.266723e+00   1.244664e+00
2.240000e+00   2.871314e+00   2.255822e+00   1.270144e+00   1.241952e+00
2.250000e+00   2.873274e+00   2.257931e+00   1.273528e+00   1.239185e+00
2.260000e+00   2.875203e+00   2.260041e+00   1.276877e+00   1.236362e+00
2.270000e+00   2.877100e+00   2.262152e+00   1.280189e+00   1.233485e+00
2.280000e+00   2.878965e+00   2.264264e+00   1.283464e+00   1.230557e+00
2.290000e+00   2.880800e+00   2.266377e+00   1.286701e+00   1.227578e+00
2.300000e+00   2.882605e+00   2.268491e+00   1.289900e+00   1.224549e+00
2.310000e+00   2.884381e+00   2.270605e+00   1.293062e+00   1.221472e+00
2.320000e+00   2.886127e+00   2.272721e+00   1.296184e+00   1.218350e+00
2.330000e+00   2.887845e+00   2.274837e+00   1.299268e+00   1.215183e+00
2.340000e+00   2.889535e+00   2.276954e+00   1.302312e+00   1.211973e+00
2.350000e+00   2.891199e+00   2.279073e+00   1.305316e+00   1.208721e+00
2.360000e+00   2.892836e+00   2.281192e+00   1.308281e+00   1.205431e+00
2.370000e+00   2.894447e+00   2.283312e+00   1.311205e+00   1.202102e+00
2.380000e+00   2.896033e+00   2.285434e+00   1.314088e+00   1.198738e+00
2.390000e+00   2.897595e+00   2.287557e+00   1.316931e+00   1.195340e+00
2.400000e+00   2.899134e+00   2.289680e+00   1.319732e+00   1.191909e+00
2.410000e+00   2.900650e+00   2.291806e+00   1.322492e+00   1.188449e+00
2.420000e+00   2.902143e+00   2.293932e+00   1.325210e+00   1.184960e+00
2.430000e+00   2.903616e+00   2.296060e+00   1.327886e+00   1.181445e+00
2.440000e+00   2.905068e+00   2.298190e+00   1.330520e+00   1.177906e+00
2.450000e+00   2.906501e+00   2.300321e+00   1.333112e+00   1.174344e+00
2.460000e+00   2.907915e+00   2.302453e+00   1.335662e+00   1.170762e+00
2.470000e+00   2.909311e+00   2.304588e+00   1.338169e+00   1.167163e+00
2.480000e+00   2.910690e+00   2.306724e+00   1.340633e+00   1.163547e+00
2.490000e+00   2.912053e+00   2.308863e+00   1.343054e+00   1.159918e+00
2.500000e+00   2.913400e+00   2.311003e+00   1.345432e+00   1.156278e+00
2.510000e+00   2.914733e+00   2.313145e+00   1.347767e+00   1.152628e+00
2.520000e+00   2.916052e+00   2.315290e+00   1.350058e+00   1.148972e+00
2.530000e+00   2.917359e+00   2.317437e+00   1.352307e+00   1.145310e+00
2.540000e+00   2.918654e+00   2.319587e+00   1.354512e+00   1.141646e+00
2.550000e+00   2.919938e+00   2.321739e+00   1.356673e+00   1.137982e+00
2.560000e+00   2.921212e+00   2.323894e+00   1.358791e+00   1.134321e+00
2.570000e+00   2.922477e+00   2.326052e+00   1.360865e+00   1.130664e+00
2.580000e+00   2.923733e+00   2.328212e+00   1.362896e+00   1.127014e+00
2.590000e+00   2.924983e+00   2.330376e+00   1.364883e+00   1.123373e+00
2.600000e+00   2.926226e+00   2.332543e+00   1.366826e+00   1.119744e+00
2.610000e+00   2.927463e+00   2.334713e+00   1.368726e+00   1.116130e+00
2.620000e+00   2.928696e+00   2.336887e+00   1.370582e+00   1.112531e+00
2.630000e+00   2.929925e+00   2.339064e+00   1.372395e+00   1.108952e+00
2.640000e+00   2.931152e+00   2.341245e+00   1.374164e+00   1.105395e+00
2.650000e+00   2.932376e+00   2.343429e+00   1.375889e+00   1.101861e+00
2.660000e+00   2.933600e+00   2.345618e+00   1.377571e+00   1.098354e+00
2.670000e+00   2.934823e+00   2.347811e+00   1.379210e+00   1.094875e+00
2.680000e+00   2.936047e+00   2.350008e+00   1.380805e+00   1.091428e+00
2.690000e+00   2.937273e+00   2.352209e+00   1.382357e+00   1.088014e+00
2.700000e+00   2.938501e+00   2.354415e+00   1.383865e+00   1.084637e+00
2.710000e+00   2.939733e+00   2.356625e+00   1.385331e+00   1.081298e+00
2.720000e+00   2.940969e+00   2.358840e+00   1.386754e+00   1.078000e+00
2.730000e+00   2.942209e+00   2.361060e+00   1.388133e+00   1.074745e+00
2.740000e+00   2.943456e+00   2.363285e+00   1.389470e+00   1.071536e+00
2.750000e+00   2.944709e+00   2.365515e+00   1.390764e+00   1.068375e+00
2.760000e+00   2.945970e+00   2.367750e+00   1.392016e+00   1.065265e+00
2.770000e+00   2.947238e+00   2.369990e+00   1.393225e+00   1.062207e+00
2.780000e+00   2.948516e+00   2.372236e+00   1.394392e+00   1.059204e+00
2.790000e+00   2.949803e+00   2.374487e+00   1.395516e+00   1.056259e+00
2.800000e+00   2.951101e+00   2.376744e+00   1.396599e+00   1.053373e+00
2.810000e+00   2.952409e+00   2.379007e+00   1.397639e+00   1.050549e+00
2.820000e+00   2.953730e+00   2.381275e+00   1.398638e+00   1.047789e+00
2.830000e+00   2.955063e+00   2.383550e+00   1.399595e+00   1.045094e+00
2.840000e+00   2.956409e+00   2.385830e+00   1.400511e+00   1.042468e+00
2.850000e+00   2.957769e+00   2.388116e+00   1.401385e+00   1.039912e+00
2.860000e+00   2.959143e+00   2.390409e+00   1.402218e+00   1.037428e+00
2.870000e+00   2.960532e+00   2.392708e+00   1.403010e+00   1.035018e+00
2.880000e+00   2.961936e+00   2.395013e+00   1.403761e+00   1.032683e+00
2.890000e+00   2.963357e+00   2.397324e+00   1.404471e+00   1.030427e+00
2.900000e+00   2.964794e+00   2.399642e+00   1.405141e+00   1.028250e+00
2.910000e+00   2.966247e+00   2.401967e+00   1.405770e+00   1.026154e+00
2.920000e+00   2.967719e+00   2.404297e+00   1.406358e+00   1.024140e+00
2.930000e+00   2.969208e+00   2.406635e+00   1.406907e+00   1.022211e+00
2.940000e+00   2.970715e+00   2.408979e+00   1.407415e+00   1.020368e+00
2.950000e+00   2.972241e+00   2.411329e+00   1.407884e+00   1.018612e+00
2.960000e+00   2.973786e+00   2.413687e+00   1.408313e+00   1.016945e+00
2.970000e+00   2.975350e+00   2.416050e+00   1.408702e+00   1.015367e+00
2.980000e+00   2.976934e+00   2.418421e+00   1.409051e+00   1.013880e+00
2.990000e+00   2.978538e+00   2.420798e+00   1.409361e+00   1.012486e+00
3.000000e+00   2.980161e+00   2.423181e+00   1.409632e+00   1.011184e+00
3.010000e+00   2.981805e+00   2.425571e+00   1.409863e+00   1.009977e+00
3.020000e+00   2.983470e+00   2.427968e+00   1.410055e+00   1.008864e+00
3.030000e+00   2.985155e+00   2.430371e+00   1.410208e+00   1.007847e+00
3.040000e+00   2.986860e+00   2.432781e+00   1.410323e+00   1.006927e+00
3.050000e+00   2.988586e+00   2.435196e+00   1.410398e+00   1.006103e+00
3.060000e+00   2.990333e+00   2.437618e+00   1.410435e+00   1.005377e+00
3.070000e+00   2.992101e+00   2.440047e+00   1.410432e+00   1.004749e+00
3.080000e+00   2.993889e+00   2.442481e+00   1.410391e+00   1.004219e+00
3.090000e+00   2.995698e+00   2.444921e+00   1.410312e+00   1.003787e+00
3.100000e+00   2.997528e+00   2.447367e+00   1.410194e+00   1.003454e+00
3.110000e+00   2.999378e+00   2.449819e+00   1.410037e+00   1.003220e+00
3.120000e+00   3.001248e+00   2.452277e+00   1.409841e+00   1.003084e+00
3.130000e+00   3.003139e+00   2.454740e+00   1.409607e+00   1.003046e+00
3.140000e+00   3.005049e+00   2.457208e+00   1.409335e+00   1.003107e+00
3.150000e+00   3.006979e+00   2.459681e+00   1.409024e+00   1.003265e+00
3.160000e+00   3.008928e+00   2.462160e+00   1.408674e+00   1.003521e+00
3.170000e+00   3.010896e+00   2.464643e+00   1.408286e+00   1.003874e+00
3.180000e+00   3.012883e+00   2.467130e+00   1.407859e+00   1.004323e+00
3.190000e+00   3.014888e+00   2.469622e+00   1.407393e+00   1.004868e+00
3.200000e+00   3.016911e+00   2.472119e+00   1.406889e+00   1.005508e+00
3.210000e+00   3.018951e+00   2.474619e+00   1.406345e+00   1.006242e+00
3.220000e+00   3.021009e+00   2.477122e+00   1.405763e+00   1.007069e+00
3.230000e+00   3.023083e+00   2.479630e+00   1.405142e+00   1.007989e+00
3.240000e+00   3.025172e+00   2.482140e+00   1.404482e+00   1.008999e+00
3.250000e+00   3.027277e+00   2.484653e+00   1.403782e+00   1.010100e+00
3.260000e+00   3.029397e+00   2.487170e+00   1.403044e+00   1.011289e+00
3.270000e+00   3.031532e+00   2.489688e+00   1.402265e+00   1.012565e+00
3.280000e+00   3.033679e+00   2.492209e+00   1.401448e+00   1.013928e+00
3.290000e+00   3.035840e+00   2.494731e+00   1.400591e+00   1.015375e+00
3.300000e+00   3.038013e+00   2.497255e+00   1.399694e+00   1.016906e+00
3.310000e+00   3.040197e+00   2.499780e+00   1.398757e+00   1.018517e+00
3.320000e+00   3.042392e+00   2.502306e+00   1.397780e+00   1.020209e+00
3.330000e+00   3.044597e+00   2.504833e+00   1.396763e+00   1.021979e+00
3.340000e+00   3.046812e+00   2.507360e+00   1.395705e+00   1.023825e+00
3.350000e+00   3.049035e+00   2.509886e+00   1.394607e+00   1.025745e+00
3.360000e+00   3.051265e+00   2.512413e+00   1.393469e+00   1.027739e+00
3.370000e+00   3.053503e+00   2.514939e+00   1.392289e+00   1.029803e+00
3.380000e+00   3.055746e+00   2.517463e+00   1.391069e+00   1.031936e+00
3.390000e+00   3.057995e+00   2.519987e+00   1.389808e+00   1.034136e+00
3.400000e+00   3.060248e+00   2.522508e+00   1.388505e+00   1.036401e+00
3.410000e+00   3.062505e+00   2.525027e+00   1.387161e+00   1.038728e+00
3.420000e+00   3.064764e+00   2.527544e+00   1.385775e+00   1.041116e+00
3.430000e+00   3.067024e+00   2.530058e+00   1.384348e+00   1.043563e+00
3.440000e+00   3.069285e+00   2.532569e+00   1.382879e+00   1.046065e+00
3.450000e+00   3.071546e+00   2.535077e+00   1.381367e+00   1.048622e+00
3.460000e+00   3.073806e+00   2.537580e+00   1.379814e+00   1.051230e+00
3.470000e+00   3.076064e+00   2.540079e+00   1.378218e+00   1.053888e+00
3.480000e+00   3.078318e+00   2.542574e+00   1.376580e+00   1.056594e+00
3.490000e+00   3.080569e+00   2.545063e+00   1.374899e+00   1.059344e+00
3.500000e+00   3.082814e+00   2.547547e+00   1.373175e+00   1.062137e+00
3.510000e+00   3.085053e+00   2.550026e+00   1.371409e+00   1.064970e+00
3.520000e+00   3.087286e+00   2.552498e+00   1.369599e+00   1.067841e+00
3.530000e+00   3.089510e+00   2.554964e+00   1.367747e+00   1.070748e+00
3.540000e+00   3.091726e+00   2.557423e+00   1.365851e+00   1.073687e+00
3.550000e+00   3.093931e+00   2.559875e+00   1.363912e+00   1.076658e+00
3.560000e+00   3.096126e+00   2.562320e+00   1.361929e+00   1.079657e+00
3.570000e+00   3.098308e+00   2.564756e+00   1.359903e+00   1.082682e+00
3.580000e+00   3.100478e+00   2.567184e+00   1.357834e+00   1.085731e+00
3.590000e+00   3.102633e+00   2.569604e+00   1.355721e+00   1.088802e+00
3.600000e+00   3.104774e+00   2.572015e+00   1.353564e+00   1.091891e+00
3.610000e+00   3.106899e+00   2.574416e+00   1.351364e+00   1.094997e+00
3.620000e+00   3.109007e+00   2.576808e+00   1.349119e+00   1.098117e+00
3.630000e+00   3.111098e+00   2.579190e+00   1.346831e+00   1.101249e+00
3.640000e+00   3.113169e+00   2.581562e+00   1.344500e+00   1.104391e+00
3.650000e+00   3.115221e+00   2.583923e+00   1.342124e+00   1.107540e+00
3.660000e+00   3.117252e+00   2.586273e+00   1.339705e+00   1.110694e+00
3.670000e+00   3.119262e+00   2.588612e+00   1.337242e+00   1.113851e+00
3.680000e+00   3.121248e+00   2.590939e+00   1.334735e+00   1.117009e+00
3.690000e+00   3.123212e+00   2.593255e+00   1.332184e+00   1.120164e+00
3.700000e+00   3.125151e+00   2.595558e+00   1.329590e+00   1.123316e+00
3.710000e+00   3.127065e+00   2.597848e+00   1.326952e+00   1.126461e+00
3.720000e+00   3.128952e+00   2.600126e+00   1.324271e+00   1.129598e+00
3.730000e+00   3.130813e+00   2.602391e+00   1.321546e+00   1.132725e+00
3.740000e+00   3.132645e+00   2.604642e+00   1.318778e+00   1.135839e+00
3.750000e+00   3.134449e+00   2.606880e+00   1.315967e+00   1.138938e+00
3.760000e+00   3.136224e+00   2.609103e+00   1.313113e+00   1.142021e+00
3.770000e+00   3.137967e+00   2.611312e+00   1.310216e+00   1.145085e+00
3.780000e+00   3.139680e+00   2.613507e+00   1.307276e+00   1.148128e+00
3.790000e+00   3.141360e+00   2.615687e+00   1.304294e+00   1.151148e+00
3.800000e+00   3.143008e+00   2.617852e+00   1.301269e+00   1.154143e+00
3.810000e+00   3.144622e+00   2.620002e+00   1.298202e+00   1.157112e+00
3.820000e+00   3.146202e+00   2.622136e+00   1.295094e+00   1.160053e+00
3.830000e+00   3.147747e+00   2.624254e+00   1.291943e+00   1.162963e+00
3.840000e+00   3.149256e+00   2.626357e+00   1.288751e+00   1.165840e+00
3.850000e+00   3.150728e+00   2.628443e+00   1.285517e+00   1.168684e+00
3.860000e+00   3.152164e+00   2.630512e+00   1.282243e+00   1.171493e+00
3.870000e+00   3.153562e+00   2.632565e+00   1.278928e+00   1.174264e+00
3.880000e+00   3.154921e+00   2.634601e+00   1.275573e+00   1.176996e+00
3.890000e+00   3.156241e+00   2.636620e+00   1.272177e+00   1.179687e+00
3.900000e+00   3.157522e+00   2.638621e+00   1.268742e+00   1.182337e+00
3.910000e+00   3.158763e+00   2.640605e+00   1.265267e+00   1.184942e+00
3.920000e+00   3.159963e+00   2.642571e+00   1.261754e+00   1.187503e+00
3.930000e+00   3.161122e+00   2.644519e+00   1.258202e+00   1.190017e+00
3.940000e+00   3.162239e+00   2.646449e+00   1.254611e+00   1.192482e+00
3.950000e+00   3.163315e+00   2.648361e+00   1.250983e+00   1.194899e+00
3.960000e+00   3.164347e+00   2.650255e+00   1.247317e+00   1.197265e+00
3.970000e+00   3.165337e+00   2.652130e+00   1.243614e+00   1.199578e+00
3.980000e+00   3.166283e+00   2.653986e+00   1.239875e+00   1.201839e+00
3.990000e+00   3.167185e+00   2.655823e+00   1.236099e+00   1.204045e+00
4.000000e+00   3.168044e+00   2.657641e+00   1.232288e+00   1.206196e+00
4.010000e+00   3.168857e+00   2.659440e+00   1.228442e+00   1.208290e+00
4.020000e+00   3.169627e+00   2.661220e+00   1.224561e+00   1.210326e+00
4.030000e+00   3.170351e+00   2.662981e+00   1.220646e+00   1.212304e+00
4.040000e+00   3.171030e+00   2.664721e+00   1.216698e+00   1.214222e+00
4.050000e+00   3.171663e+00   2.666443e+00   1.212717e+00   1.216080e+00
4.060000e+00   3.172251e+00   2.668144e+00   1.208703e+00   1.217876e+00
4.070000e+00   3.172793e+00   2.669826e+00   1.204657e+00   1.219609e+00
4.080000e+00   3.173289e+00   2.671487e+00   1.200581e+00   1.221280e+00
4.090000e+00   3.173739e+00   2.673129e+00   1.196474e+00   1.222887e+00
4.100000e+00   3.174143e+00   2.674751e+00   1.192336e+00   1.224430e+00
4.110000e+00   3.174501e+00   2.676352e+00   1.188170e+00   1.225908e+00
4.120000e+00   3.174813e+00   2.677933e+00   1.183975e+00   1.227320e+00
4.130000e+00   3.175079e+00   2.679494e+00   1.179752e+00   1.228667e+00
4.140000e+00   3.175298e+00   2.681035e+00   1.175502e+00   1.229946e+00
4.150000e+00   3.175472e+00   2.682555e+00   1.171225e+00   1.231159e+00
4.160000e+00   3.175599e+00   2.684055e+00   1.166922e+00   1.232304e+00
4.170000e+00   3.175681e+00   2.685534e+00   1.162595e+00   1.233382e+00
4.180000e+00   3.175717e+00   2.686993e+00   1.158243e+00   1.234391e+00
4.190000e+00   3.175707e+00   2.688431e+00   1.153868e+00   1.235332e+00
4.200000e+00   3.175653e+00   2.689848e+00   1.149470e+00   1.236205e+00
4.210000e+00   3.175553e+00   2.691245e+00   1.145050e+00   1.237010e+00
4.220000e+00   3.175408e+00   2.692622e+00   1.140610e+00   1.237746e+00
4.230000e+00   3.175219e+00   2.693978e+00   1.136149e+00   1.238413e+00
4.240000e+00   3.174986e+00   2.695313e+00   1.131668e+00   1.239012e+00
4.250000e+00   3.174709e+00   2.696628e+00   1.127170e+00   1.239542e+00
4.260000e+00   3.174389e+00   2.697922e+00   1.122654e+00   1.240004e+00
4.270000e+00   3.174026e+00   2.699196e+00   1.118121e+00   1.240398e+00
4.280000e+00   3.173620e+00   2.700450e+00   1.113572e+00   1.240723e+00
4.290000e+00   3.173173e+00   2.701683e+00   1.109009e+00   1.240981e+00
4.300000e+00   3.172683e+00   2.702895e+00   1.104432e+00   1.241172e+00
4.310000e+00   3.172153e+00   2.704087e+00   1.099843e+00   1.241295e+00
4.320000e+00   3.171582e+00   2.705259e+00   1.095241e+00   1.241352e+00
4.330000e+00   3.170972e+00   2.706411e+00   1.090629e+00   1.241342e+00
4.340000e+00   3.170322e+00   2.707542e+00   1.086007e+00   1.241267e+00
4.350000e+00   3.169633e+00   2.708653e+00   1.081377e+00   1.241127e+00
4.360000e+00   3.168907e+00   2.709745e+00   1.076738e+00   1.240923e+00
4.370000e+00   3.168143e+00   2.710816e+00   1.072094e+00   1.240654e+00
4.380000e+00   3.167343e+00   2.711867e+00   1.067444e+00   1.240323e+00
4.390000e+00   3.166507e+00   2.712899e+00   1.062789e+00   1.239929e+00
4.400000e+00   3.165636e+00   2.713911e+00   1.058132e+00   1.239473e+00
4.410000e+00   3.164731e+00   2.714903e+00   1.053472e+00   1.238957e+00
4.420000e+00   3.163792e+00   2.715876e+00   1.048812e+00   1.238381e+00
4.430000e+00   3.162821e+00   2.716830e+00   1.044152e+00   1.237746e+00
4.440000e+00   3.161818e+00   2.717764e+00   1.039494e+00   1.237053e+00
4.450000e+00   3.160784e+00   2.718680e+00   1.034838e+00   1.236304e+00
4.460000e+00   3.159720e+00   2.719576e+00   1.030187e+00   1.235498e+00
4.470000e+00   3.158628e+00   2.720453e+00   1.025541e+00   1.234638e+00
4.480000e+00   3.157507e+00   2.721312e+00   1.020902e+00   1.233724e+00
4.490000e+00   3.156360e+00   2.722152e+00   1.016270e+00   1.232758e+00
4.500000e+00   3.155186e+00   2.722973e+00   1.011648e+00   1.231740e+00
4.510000e+00   3.153988e+00   2.723777e+00   1.007036e+00   1.230673e+00
4.520000e+00   3.152765e+00   2.724562e+00   1.002437e+00   1.229557e+00
4.530000e+00   3.151520e+00   2.725329e+00   9.978500e-01   1.228394e+00
4.540000e+00   3.150253e+00   2.726079e+00   9.932782e-01   1.227185e+00
4.550000e+00   3.148965e+00   2.726811e+00   9.887225e-01   1.225932e+00
4.560000e+00   3.147657e+00   2.727525e+00   9.841843e-01   1.224636e+00
4.570000e+00   3.146331e+00   2.728222e+00   9.796650e-01   1.223298e+00
4.580000e+00   3.144987e+00   2.728902e+00   9.751661e-01   1.221920e+00
4.590000e+00   3.143628e+00   2.729565e+00   9.706890e-01   1.220504e+00
4.600000e+00   3.142253e+00   2.730212e+00   9.662352e-01   1.219052e+00
4.610000e+00   3.140864e+00   2.730842e+00   9.618062e-01   1.217564e+00
4.620000e+00   3.139463e+00   2.731455e+00   9.574036e-01   1.216042e+00
4.630000e+00   3.138051e+00   2.732053e+00   9.530288e-01   1.214489e+00
4.640000e+00   3.136628e+00   2.732635e+00   9.486834e-01   1.212906e+00
4.650000e+00   3.135196e+00   2.733201e+00   9.443689e-01   1.211295e+00
4.660000e+00   3.133756e+00   2.733751e+00   9.400870e-01   1.209657e+00
4.670000e+00   3.132310e+00   2.734286e+00   9.358391e-01   1.207994e+00
4.680000e+00   3.130858e+00   2.734806e+00   9.316269e-01   1.206308e+00
4.690000e+00   3.129403e+00   2.735312e+00   9.274519e-01   1.204601e+00
4.700000e+00   3.127944e+00   2.735802e+00   9.233159e-01   1.202875e+00
4.710000e+00   3.126484e+00   2.736279e+00   9.192203e-01   1.201132e+00
4.720000e+00   3.125024e+00   2.736741e+00   9.151668e-01   1.199373e+00
4.730000e+00   3.123565e+00   2.737189e+00   9.111571e-01   1.197600e+00
4.740000e+00   3.122108e+00   2.737624e+00   9.071927e-01   1.195816e+00
4.750000e+00   3.120655e+00   2.738045e+00   9.032754e-01   1.194022e+00
4.760000e+00   3.119206e+00   2.738453e+00   8.994068e-01   1.192221e+00
4.770000e+00   3.117764e+00   2.738848e+00   8.955885e-01   1.190414e+00
4.780000e+00   3.116329e+00   2.739231e+00   8.918222e-01   1.188603e+00
4.790000e+00   3.114903e+00   2.739600e+00   8.881096e-01   1.186790e+00
4.800000e+00   3.113486e+00   2.739958e+00   8.844522e-01   1.184977e+00
4.810000e+00   3.112081e+00   2.740304e+00   8.808518e-01   1.183167e+00
4.820000e+00   3.110688e+00   2.740638e+00   8.773101e-01   1.181361e+00
4.830000e+00   3.109309e+00   2.740960e+00   8.738285e-01   1.179560e+00
4.840000e+00   3.107944e+00   2.741271e+00   8.704088e-01   1.177768e+00
4.850000e+00   3.106596e+00   2.741571e+00   8.670527e-01   1.175987e+00
4.860000e+00   3.105265e+00   2.741860e+00   8.637616e-01   1.174217e+00
4.870000e+00   3.103952e+00   2.742139e+00   8.605373e-01   1.172461e+00
4.880000e+00   3.102659e+00   2.742408e+00   8.573813e-01   1.170722e+00
4.890000e+00   3.101387e+00   2.742666e+00   8.542952e-01   1.169001e+00
4.900000e+00   3.100137e+00   2.742915e+00   8.512805e-01   1.167299e+00
4.910000e+00   3.098910e+00   2.743154e+00   8.483388e-01   1.165620e+00
4.920000e+00   3.097707e+00   2.743383e+00   8.454716e-01   1.163964e+00
4.930000e+00   3.096529e+00   2.743604e+00   8.426804e-01   1.162335e+00
4.940000e+00   3.095379e+00   2.743816e+00   8.399667e-01   1.160732e+00
4.950000e+00   3.094255e+00   2.744019e+00   8.373319e-01   1.159160e+00
4.960000e+00   3.093160e+00   2.744213e+00   8.347774e-01   1.157618e+00
4.970000e+00   3.092095e+00   2.744400e+00   8.323045e-01   1.156110e+00
4.980000e+00   3.091061e+00   2.744578e+00   8.299148e-01   1.154637e+00
4.990000e+00   3.090058e+00   2.744749e+00   8.276094e-01   1.153200e+00
5.000000e+00   3.089087e+00   2.744912e+00   8.253897e-01   1.151801e+00
5.010000e+00   3.088150e+00   2.745068e+00   8.232568e-01   1.150443e+00
5.020000e+00   3.087247e+00   2.745217e+00   8.212121e-01   1.149126e+00
5.030000e+00   3.086380e+00   2.745359e+00   8.192567e-01   1.147852e+00
5.040000e+00   3.085549e+00   2.745494e+00   8.173917e-01   1.146622e+00
5.050000e+00   3.084754e+00   2.745623e+00   8.156182e-01   1.145439e+00
5.060000e+00   3.083997e+00   2.745745e+00   8.139372e-01   1.144304e+00
5.070000e+00   3.083279e+00   2.745861e+00   8.123497e-01   1.143217e+00
5.080000e+00   3.082600e+00   2.745971e+00   8.108567e-01   1.142180e+00
5.090000e+00   3.081960e+00   2.746075e+00   8.094591e-01   1.141195e+00
5.100000e+00   3.081361e+00   2.746174e+00   8.081577e-01   1.140263e+00
5.110000e+00   3.080804e+00   2.746267e+00   8.069533e-01   1.139384e+00
5.120000e+00   3.080287e+00   2.746354e+00   8.058466e-01   1.138560e+00
5.130000e+00   3.079813e+00   2.746436e+00   8.048384e-01   1.137792e+00
5.140000e+00   3.079382e+00   2.746513e+00   8.039292e-01   1.137081e+00
5.150000e+00   3.078993e+00   2.746586e+00   8.031197e-01   1.136427e+00
5.160000e+00   3.078649e+00   2.746653e+00   8.024103e-01   1.135832e+00
5.170000e+00   3.078348e+00   2.746715e+00   8.018015e-01   1.135296e+00
5.180000e+00   3.078091e+00   2.746773e+00   8.012937e-01   1.134819e+00
5.190000e+00   3.077879e+00   2.746826e+00   8.008873e-01   1.134403e+00
5.200000e+00   3.077712e+00   2.746874e+00   8.005825e-01   1.134047e+00
5.210000e+00   3.077590e+00   2.746918e+00   8.003796e-01   1.133753e+00
5.220000e+00   3.077513e+00   2.746957e+00   8.002788e-01   1.133520e+00
5.230000e+00   3.077482e+00   2.746992e+00   8.002800e-01   1.133349e+00
5.240000e+00   3.077496e+00   2.747023e+00   8.003834e-01   1.133240e+00
5.250000e+00   3.077555e+00   2.747049e+00   8.005889e-01   1.133193e+00
5.260000e+00   3.077660e+00   2.747071e+00   8.008965e-01   1.133207e+00
5.270000e+00   3.077811e+00   2.747088e+00   8.013060e-01   1.133284e+00
5.280000e+00   3.078007e+00   2.747102e+00   8.018172e-01   1.133422e+00
5.290000e+00   3.078248e+00   2.747111e+00   8.024298e-01   1.133622e+00
5.300000e+00   3.078534e+00   2.747115e+00   8.031434e-01   1.133883e+00
5.310000e+00   3.078865e+00   2.747115e+00   8.039577e-01   1.134205e+00
5.320000e+00   3.079241e+00   2.747111e+00   8.048723e-01   1.134587e+00
5.330000e+00   3.079661e+00   2.747102e+00   8.058865e-01   1.135029e+00
5.340000e+00   3.080125e+00   2.747088e+00   8.069998e-01   1.135530e+00
5.350000e+00   3.080633e+00   2.747070e+00   8.082116e-01   1.136090e+00
5.360000e+00   3.081184e+00   2.747047e+00   8.095211e-01   1.136707e+00
5.370000e+00   3.081778e+00   2.747019e+00   8.109277e-01   1.137381e+00
5.380000e+00   3.082414e+00   2.746986e+00   8.124305e-01   1.138111e+00
5.390000e+00   3.083091e+00   2.746948e+00   8.140287e-01   1.138897e+00
5.400000e+00   3.083810e+00   2.746905e+00   8.157214e-01   1.139736e+00
5.410000e+00   3.084570e+00   2.746857e+00   8.175075e-01   1.140628e+00
5.420000e+00   3.085369e+00   2.746803e+00   8.193861e-01   1.141571e+00
5.430000e+00   3.086208e+00   2.746743e+00   8.213561e-01   1.142565e+00
5.440000e+00   3.087085e+00   2.746677e+00   8.234164e-01   1.143608e+00
5.450000e+00   3.087999e+00   2.746606e+00   8.255658e-01   1.144699e+00
5.460000e+00   3.088951e+00   2.746528e+00   8.278032e-01   1.145837e+00
5.470000e+00   3.089938e+00   2.746444e+00   8.301273e-01   1.147019e+00
5.480000e+00   3.090961e+00   2.746354e+00   8.325368e-01   1.148245e+00
5.490000e+00   3.092018e+00   2.746256e+00   8.350304e-01   1.149513e+00
5.500000e+00   3.093109e+00   2.746152e+00   8.376068e-01   1.150821e+00
5.510000e+00   3.094232e+00   2.746040e+00   8.402646e-01   1.152167e+00
5.520000e+00   3.095386e+00   2.745921e+00   8.430023e-01   1.153551e+00
5.530000e+00   3.096571e+00   2.745794e+00   8.458186e-01   1.154970e+00
5.540000e+00   3.097785e+00   2.745660e+00   8.487120e-01   1.156422e+00
5.550000e+00   3.099028e+00   2.745517e+00   8.516809e-01   1.157907e+00
5.560000e+00   3.100297e+00   2.745366e+00   8.547238e-01   1.159421e+00
5.570000e+00   3.101593e+00   2.745206e+00   8.578393e-01   1.160963e+00
5.580000e+00   3.102914e+00   2.745038e+00   8.610257e-01   1.162532e+00
5.590000e+00   3.104259e+00   2.744860e+00   8.642814e-01   1.164124e+00
5.600000e+00   3.105626e+00   2.744673e+00   8.676049e-01   1.165740e+00
5.610000e+00   3.107015e+00   2.744476e+00   8.709946e-01   1.167375e+00
5.620000e+00   3.108425e+00   2.744269e+00   8.744487e-01   1.169030e+00
5.630000e+00   3.109853e+00   2.744052e+00   8.779658e-01   1.170700e+00
5.640000e+00   3.111299e+00   2.743824e+00   8.815441e-01   1.172386e+00
5.650000e+00   3.112762e+00   2.743586e+00   8.851821e-01   1.174084e+00
5.660000e+00   3.114240e+00   2.743337e+00   8.888779e-01   1.175792e+00
5.670000e+00   3.115732e+00   2.743076e+00   8.926301e-01   1.177510e+00
5.680000e+00   3.117237e+00   2.742804e+00   8.964370e-01   1.179234e+00
5.690000e+00   3.118753e+00   2.742520e+00   9.002968e-01   1.180962e+00
5.700000e+00   3.120280e+00   2.742224e+00   9.042079e-01   1.182693e+00
5.710000e+00   3.121816e+00   2.741915e+00   9.081686e-01   1.184425e+00
5.720000e+00   3.123359e+00   2.741594e+00   9.121774e-01   1.186156e+00
5.730000e+00   3.124908e+00   2.741260e+00   9.162324e-01   1.187883e+00
5.740000e+00   3.126463e+00   2.740912e+00   9.203321e-01   1.189604e+00
5.750000e+00   3.128021e+00   2.740551e+00   9.244748e-01   1.191319e+00
5.760000e+00   3.129582e+00   2.740176e+00   9.286589e-01   1.193024e+00
5.770000e+00   3.131143e+00   2.739788e+00   9.328827e-01   1.194718e+00
5.780000e+00   3.132705e+00   2.739385e+00   9.371446e-01   1.196399e+00
5.790000e+00   3.134265e+00   2.738967e+00   9.414431e-01   1.198065e+00
5.800000e+00   3.135822e+00   2.738535e+00   9.457764e-01   1.199714e+00
5.810000e+00   3.137375e+00   2.738087e+00   9.501430e-01   1.201344e+00
5.820000e+00   3.138922e+00   2.737624e+00   9.545414e-01   1.202954e+00
5.830000e+00   3.140463e+00   2.737146e+00   9.589698e-01   1.204541e+00
5.840000e+00   3.141996e+00   2.736652e+00   9.634268e-01   1.206103e+00
5.850000e+00   3.143520e+00   2.736141e+00   9.679109e-01   1.207640e+00
5.860000e+00   3.145033e+00   2.735615e+00   9.724204e-01   1.209149e+00
5.870000e+00   3.146534e+00   2.735072e+00   9.769538e-01   1.210628e+00
5.880000e+00   3.148023e+00   2.734512e+00   9.815097e-01   1.212077e+00
5.890000e+00   3.149497e+00   2.733936e+00   9.860865e-01   1.213492e+00
5.900000e+00   3.150956e+00   2.733342e+00   9.906827e-01   1.214873e+00
5.910000e+00   3.152399e+00   2.732731e+00   9.952970e-01   1.216217e+00
5.920000e+00   3.153823e+00   2.732102e+00   9.999278e-01   1.217525e+00
5.930000e+00   3.155229e+00   2.731455e+00   1.004574e+00   1.218792e+00
5.940000e+00   3.156615e+00   2.730791e+00   1.009233e+00   1.220019e+00
5.950000e+00   3.157979e+00   2.730108e+00   1.013905e+00   1.221204e+00
5.960000e+00   3.159322e+00   2.729407e+00   1.018588e+00   1.222346e+00
5.970000e+00   3.160640e+00   2.728687e+00   1.023281e+00   1.223442e+00
5.980000e+00   3.161935e+00   2.727949e+00   1.027981e+00   1.224492e+00
5.990000e+00   3.163204e+00   2.727192e+00   1.032688e+00   1.225495e+00
6.000000e+00   3.164446e+00   2.726415e+00   1.037401e+00   1.226448e+00
6.010000e+00   3.165660e+00   2.725620e+00   1.042119e+00   1.227351e+00
6.020000e+00   3.166847e+00   2.724805e+00   1.046839e+00   1.228203e+00
6.030000e+00   3.168003e+00   2.723971e+00   1.051560e+00   1.229003e+00
6.040000e+00   3.169129e+00   2.723117e+00   1.056282e+00   1.229749e+00
6.050000e+00   3.170224e+00   2.722243e+00   1.061004e+00   1.230440e+00
6.060000e+00   3.171286e+00   2.721349e+00   1.065723e+00   1.231076e+00
6.070000e+00   3.172315e+00   2.720436e+00   1.070439e+00   1.231655e+00
6.080000e+00   3.173310e+00   2.719502e+00   1.075151e+00   1.232177e+00
6.090000e+00   3.174270e+00   2.718548e+00   1.079857e+00   1.232640e+00
6.100000e+00   3.175195e+00   2.717573e+00   1.084556e+00   1.233043e+00
6.110000e+00   3.176083e+00   2.716578e+00   1.089248e+00   1.233387e+00
6.120000e+00   3.176933e+00   2.715563e+00   1.093930e+00   1.233670e+00
6.130000e+00   3.177746e+00   2.714526e+00   1.098603e+00   1.233891e+00
6.140000e+00   3.178520e+00   2.713470e+00   1.103264e+00   1.234050e+00
6.150000e+00   3.179255e+00   2.712392e+00   1.107914e+00   1.234146e+00
6.160000e+00   3.179949e+00   2.711293e+00   1.112550e+00   1.234179e+00
6.170000e+00   3.180603e+00   2.710174e+00   1.117171e+00   1.234148e+00
6.180000e+00   3.181216e+00   2.709034e+00   1.121778e+00   1.234053e+00
6.190000e+00   3.181787e+00   2.707872e+00   1.126368e+00   1.233892e+00
6.200000e+00   3.182315e+00   2.706690e+00   1.130941e+00   1.233667e+00
6.210000e+00   3.182801e+00   2.705486e+00   1.135496e+00   1.233376e+00
6.220000e+00   3.183243e+00   2.704261e+00   1.140032e+00   1.233019e+00
6.230000e+00   3.183642e+00   2.703015e+00   1.144548e+00   1.232596e+00
6.240000e+00   3.183996e+00   2.701748e+00   1.149043e+00   1.232107e+00
6.250000e+00   3.184306e+00   2.700460e+00   1.153517e+00   1.231551e+00
6.260000e+00   3.184570e+00   2.699150e+00   1.157967e+00   1.230929e+00
6.270000e+00   3.184789e+00   2.697820e+00   1.162394e+00   1.230240e+00
6.280000e+00   3.184963e+00   2.696468e+00   1.166797e+00   1.229485e+00
6.290000e+00   3.185090e+00   2.695095e+00   1.171175e+00   1.228663e+00
6.300000e+00   3.185172e+00   2.693701e+00   1.175527e+00   1.227775e+00
6.310000e+00   3.185207e+00   2.692285e+00   1.179852e+00   1.226821e+00
6.320000e+00   3.185195e+00   2.690849e+00   1.184150e+00   1.225800e+00
6.330000e+00   3.185136e+00   2.689392e+00   1.188419e+00   1.224714e+00
6.340000e+00   3.185031e+00   2.687913e+00   1.192660e+00   1.223562e+00
6.350000e+00   3.184878e+00   2.686414e+00   1.196871e+00   1.222345e+00
6.360000e+00   3.184678e+00   2.684894e+00   1.201052e+00   1.221063e+00
6.370000e+00   3.184431e+00   2.683352e+00   1.205202e+00   1.219717e+00
6.380000e+00   3.184137e+00   2.681791e+00   1.209320e+00   1.218307e+00
6.390000e+00   3.183796e+00   2.680208e+00   1.213407e+00   1.216833e+00
6.400000e+00   3.183407e+00   2.678605e+00   1.217460e+00   1.215297e+00
6.410000e+00   3.182971e+00   2.676981e+00   1.221479e+00   1.213698e+00
6.420000e+00   3.182488e+00   2.675337e+00   1.225465e+00   1.212038e+00
6.430000e+00   3.181958e+00   2.673673e+00   1.229416e+00   1.210317e+00
6.440000e+00   3.181382e+00   2.671988e+00   1.233332e+00   1.208536e+00
6.450000e+00   3.180759e+00   2.670284e+00   1.237212e+00   1.206696e+00
6.460000e+00   3.180089e+00   2.668559e+00   1.241056e+00   1.204798e+00
6.470000e+00   3.179373e+00   2.666815e+00   1.244864e+00   1.202841e+00
6.480000e+00   3.178612e+00   2.665051e+00   1.248634e+00   1.200829e+00
6.490000e+00   3.177804e+00   2.663267e+00   1.252366e+00   1.198760e+00
6.500000e+00   3.176952e+00   2.661464e+00   1.256061e+00   1.196638e+00
6.510000e+00   3.176054e+00   2.659642e+00   1.259716e+00   1.194462e+00
6.520000e+00   3.175112e+00   2.657801e+00   1.263333e+00   1.192233e+00
6.530000e+00   3.174125e+00   2.655940e+00   1.266910e+00   1.189953e+00
6.540000e+00   3.173095e+00   2.654061e+00   1.270448e+00   1.187624e+00
6.550000e+00   3.172021e+00   2.652164e+00   1.273945e+00   1.185246e+00
6.560000e+00   3.170904e+00   2.650248e+00   1.277402e+00   1.182820e+00
6.570000e+00   3.169745e+00   2.648313e+00   1.280818e+00   1.180349e+00
6.580000e+00   3.168543e+00   2.646361e+00   1.284193e+00   1.177833e+00
6.590000e+00   3.167301e+00   2.644391e+00   1.287526e+00   1.175273e+00
6.600000e+00   3.166017e+00   2.642403e+00   1.290817e+00   1.172672e+00
6.610000e+00   3.164693e+00   2.640398e+00   1.294067e+00   1.170031e+00
6.620000e+00   3.163329e+00   2.638375e+00   1.297274e+00   1.167351e+00
6.630000e+00   3.161927e+00   2.636336e+00   1.300438e+00   1.164634e+00
6.640000e+00   3.160485e+00   2.634280e+00   1.303560e+00   1.161882e+00
6.650000e+00   3.159006e+00   2.632207e+00   1.306638e+00   1.159096e+00
6.660000e+00   3.157490e+00   2.630118e+00   1.309673e+00   1.156278e+00
6.670000e+00   3.155937e+00   2.628013e+00   1.312664e+00   1.153430e+00
6.680000e+00   3.154349e+00   2.625892e+00   1.315612e+00   1.150553e+00
6.690000e+00   3.152725e+00   2.623756e+00   1.318516e+00   1.147649e+00
6.700000e+00   3.151068e+00   2.621604e+00   1.321376e+00   1.144721e+00
6.710000e+00   3.149377e+00   2.619437e+00   1.324191e+00   1.141770e+00
6.720000e+00   3.147653e+00   2.617256e+00   1.326963e+00   1.138798e+00
6.730000e+00   3.145897e+00   2.615059e+00   1.329690e+00   1.135806e+00
6.740000e+00   3.144110e+00   2.612849e+00   1.332372e+00   1.132798e+00
6.750000e+00   3.142293e+00   2.610625e+00   1.335009e+00   1.129775e+00
6.760000e+00   3.140446e+00   2.608387e+00   1.337602e+00   1.126738e+00
6.770000e+00   3.138570e+00   2.606135e+00   1.340150e+00   1.123691e+00
6.780000e+00   3.136667e+00   2.603870e+00   1.342653e+00   1.120635e+00
6.790000e+00   3.134737e+00   2.601593e+00   1.345111e+00   1.117572e+00
6.800000e+00   3.132781e+00   2.599303e+00   1.347524e+00   1.114504e+00
6.810000e+00   3.130800e+00   2.597001e+00   1.349892e+00   1.111435e+00
6.820000e+00   3.128795e+00   2.594686e+00   1.352215e+00   1.108365e+00
6.830000e+00   3.126766e+00   2.592361e+00   1.354493e+00   1.105297e+00
6.840000e+00   3.124715e+00   2.590023e+00   1.356726e+00   1.102233e+00
6.850000e+00   3.122643e+00   2.587675e+00   1.358914e+00   1.099176e+00
6.860000e+00   3.120549e+00   2.585316e+00   1.361057e+00   1.096127e+00
6.870000e+00   3.118437e+00   2.582947e+00   1.363154e+00   1.093090e+00
6.880000e+00   3.116306e+00   2.580567e+00   1.365207e+00   1.090066e+00
6.890000e+00   3.114157e+00   2.578178e+00   1.367215e+00   1.087057e+00
6.900000e+00   3.111991e+00   2.575779e+00   1.369178e+00   1.084067e+00
6.910000e+00   3.109809e+00   2.573371e+00   1.371096e+00   1.081096e+00
6.920000e+00   3.107613e+00   2.570955e+00   1.372969e+00   1.078149e+00
6.930000e+00   3.105402e+00   2.568530e+00   1.374797e+00   1.075226e+00
6.940000e+00   3.103179e+00   2.566096e+00   1.376581e+00   1.072330e+00
6.950000e+00   3.100944e+00   2.563655e+00   1.378321e+00   1.069464e+00
6.960000e+00   3.098697e+00   2.561207e+00   1.380016e+00   1.066630e+00
6.970000e+00   3.096441e+00   2.558751e+00   1.381666e+00   1.063830e+00
6.980000e+00   3.094175e+00   2.556289e+00   1.383273e+00   1.061067e+00
6.990000e+00   3.091901e+00   2.553820e+00   1.384835e+00   1.058343e+00
7.000000e+00   3.089620e+00   2.551345e+00   1.386354e+00   1.055659e+00
7.010000e+00   3.087333e+00   2.548864e+00   1.387828e+00   1.053019e+00
7.020000e+00   3.085040e+00   2.546377e+00   1.389259e+00   1.050425e+00
7.030000e+00   3.082742e+00   2.543886e+00   1.390646e+00   1.047878e+00
7.040000e+00   3.080441e+00   2.541389e+00   1.391990e+00   1.045382e+00
7.050000e+00   3.078138e+00   2.538889e+00   1.393290e+00   1.042938e+00
7.060000e+00   3.075832e+00   2.536384e+00   1.394548e+00   1.040548e+00
7.070000e+00   3.073526e+00   2.533875e+00   1.395762e+00   1.038215e+00
7.080000e+00   3.071220e+00   2.531362e+00   1.396933e+00   1.035941e+00
7.090000e+00   3.068915e+00   2.528847e+00   1.398062e+00   1.033728e+00
7.100000e+00   3.066611e+00   2.526328e+00   1.399148e+00   1.031578e+00
7.110000e+00   3.064310e+00   2.523807e+00   1.400192e+00   1.029492e+00
7.120000e+00   3.062012e+00   2.521284e+00   1.401193e+00   1.027473e+00
7.130000e+00   3.059718e+00   2.518759e+00   1.402152e+00   1.025523e+00
7.140000e+00   3.057430e+00   2.516233e+00   1.403069e+00   1.023644e+00
7.150000e+00   3.055147e+00   2.513705e+00   1.403945e+00   1.021837e+00
7.160000e+00   3.052871e+00   2.511176e+00   1.404779e+00   1.020105e+00
7.170000e+00   3.050602e+00   2.508646e+00   1.405571e+00   1.018448e+00
7.180000e+00   3.048341e+00   2.506116e+00   1.406322e+00   1.016869e+00
7.190000e+00   3.046089e+00   2.503586e+00   1.407032e+00   1.015370e+00
7.200000e+00   3.043846e+00   2.501056e+00   1.407700e+00   1.013951e+00
7.210000e+00   3.041614e+00   2.498527e+00   1.408328e+00   1.012615e+00
7.220000e+00   3.039392e+00   2.495998e+00   1.408915e+00   1.011362e+00
7.230000e+00   3.037182e+00   2.493471e+00   1.409462e+00   1.010195e+00
7.240000e+00   3.034983e+00   2.490944e+00   1.409967e+00   1.009113e+00
7.250000e+00   3.032797e+00   2.488420e+00   1.410433e+00   1.008120e+00
7.260000e+00   3.030625e+00   2.485897e+00   1.410858e+00   1.007215e+00
7.270000e+00   3.028466e+00   2.483376e+00   1.411243e+00   1.006400e+00
7.280000e+00   3.026321e+00   2.480857e+00   1.411588e+00   1.005676e+00
7.290000e+00   3.024191e+00   2.478341e+00   1.411893e+00   1.005044e+00
7.300000e+00   3.022076e+00   2.475828e+00   1.412158e+00   1.004504e+00
7.310000e+00   3.019976e+00   2.473317e+00   1.412384e+00   1.004058e+00
7.320000e+00   3.017893e+00   2.470810e+00   1.412570e+00   1.003706e+00
7.330000e+00   3.015826e+00   2.468306e+00   1.412716e+00   1.003448e+00
7.340000e+00   3.013776e+00   2.465806e+00   1.412823e+00   1.003285e+00
7.350000e+00   3.011743e+00   2.463309e+00   1.412890e+00   1.003218e+00
7.360000e+00   3.009728e+00   2.460817e+00   1.412919e+00   1.003247e+00
7.370000e+00   3.007730e+00   2.458328e+00   1.412907e+00   1.003372e+00
7.380000e+00   3.005750e+00   2.455844e+00   1.412857e+00   1.003593e+00
7.390000e+00   3.003788e+00   2.453364e+00   1.412768e+00   1.003910e+00
7.400000e+00   3.001845e+00   2.450889e+00   1.412639e+00   1.004324e+00
7.410000e+00   2.999920e+00   2.448419e+00   1.412471e+00   1.004833e+00
7.420000e+00   2.998014e+00   2.445953e+00   1.412265e+00   1.005439e+00
7.430000e+00   2.996126e+00   2.443493e+00   1.412019e+00   1.006140e+00
7.440000e+00   2.994258e+00   2.441038e+00   1.411734e+00   1.006937e+00
7.450000e+00   2.992408e+00   2.438588e+00   1.411410e+00   1.007828e+00
7.460000e+00   2.990577e+00   2.436143e+00   1.411047e+00   1.008814e+00
7.470000e+00   2.988765e+00   2.433704e+00   1.410646e+00   1.009893e+00
7.480000e+00   2.986972e+00   2.431270e+00   1.410205e+00   1.011065e+00
7.490000e+00   2.985198e+00   2.428842e+00   1.409725e+00   1.012330e+00
7.500000e+00   2.983443e+00   2.426419e+00   1.409206e+00   1.013685e+00
7.510000e+00   2.981706e+00   2.424003e+00   1.408648e+00   1.015130e+00
7.520000e+00   2.979987e+00   2.421592e+00   1.408051e+00   1.016665e+00
7.530000e+00   2.978287e+00   2.419187e+00   1.407415e+00   1.018288e+00
7.540000e+00   2.976604e+00   2.416788e+00   1.406739e+00   1.019997e+00
7.550000e+00   2.974940e+00   2.414395e+00   1.406025e+00   1.021792e+00
7.560000e+00   2.973293e+00   2.412008e+00   1.405271e+00   1.023672e+00
7.570000e+00   2.971663e+00   2.409626e+00   1.404477e+00   1.025634e+00
7.580000e+00   2.970050e+00   2.407251e+00   1.403645e+00   1.027677e+00
7.590000e+00   2.968453e+00   2.404882e+00   1.402772e+00   1.029800e+00
7.600000e+00   2.966873e+00   2.402519e+00   1.401861e+00   1.032001e+00
7.610000e+00   2.965309e+00   2.400161e+00   1.400909e+00   1.034279e+00
7.620000e+00   2.963759e+00   2.397810e+00   1.399918e+00   1.036632e+00
7.630000e+00   2.962225e+00   2.395465e+00   1.398887e+00   1.039057e+00
7.640000e+00   2.960705e+00   2.393125e+00   1.397816e+00   1.041553e+00
7.650000e+00   2.959198e+00   2.390792e+00   1.396705e+00   1.044119e+00
7.660000e+00   2.957705e+00   2.388464e+00   1.395554e+00   1.046752e+00
7.670000e+00   2.956225e+00   2.386142e+00   1.394363e+00   1.049451e+00
7.680000e+00   2.954757e+00   2.383825e+00   1.393132e+00   1.052212e+00
7.690000e+00   2.953301e+00   2.381514e+00   1.391860e+00   1.055036e+00
7.700000e+00   2.951855e+00   2.379209e+00   1.390548e+00   1.057918e+00
7.710000e+00   2.950420e+00   2.376910e+00   1.389195e+00   1.060857e+00
7.720000e+00   2.948995e+00   2.374615e+00   1.387802e+00   1.063851e+00
7.730000e+00   2.947579e+00   2.372326e+00   1.386368e+00   1.066898e+00
7.740000e+00   2.946171e+00   2.370043e+00   1.384893e+00   1.069996e+00
7.750000e+00   2.944770e+00   2.367764e+00   1.383377e+00   1.073141e+00
7.760000e+00   2.943376e+00   2.365490e+00   1.381820e+00   1.076333e+00
7.770000e+00   2.941989e+00   2.363222e+00   1.380222e+00   1.079569e+00
7.780000e+00   2.940607e+00   2.360958e+00   1.378583e+00   1.082845e+00
7.790000e+00   2.939229e+00   2.358699e+00   1.376902e+00   1.086162e+00
7.800000e+00   2.937855e+00   2.356445e+00   1.375180e+00   1.089514e+00
7.810000e+00   2.936484e+00   2.354195e+00   1.373417e+00   1.092902e+00
7.820000e+00   2.935116e+00   2.351949e+00   1.371612e+00   1.096321e+00
7.830000e+00   2.933749e+00   2.349708e+00   1.369765e+00   1.099771e+00
7.840000e+00   2.932382e+00   2.347471e+00   1.367877e+00   1.103248e+00
7.850000e+00   2.931015e+00   2.345238e+00   1.365948e+00   1.106750e+00
7.860000e+00   2.929647e+00   2.343009e+00   1.363976e+00   1.110275e+00
7.870000e+00   2.928277e+00   2.340783e+00   1.361963e+00   1.113820e+00
7.880000e+00   2.926904e+00   2.338562e+00   1.359907e+00   1.117383e+00
7.890000e+00   2.925527e+00   2.336343e+00   1.357811e+00   1.120962e+00
7.900000e+00   2.924146e+00   2.334129e+00   1.355672e+00   1.124555e+00
7.910000e+00   2.922759e+00   2.331917e+00   1.353491e+00   1.128159e+00
7.920000e+00   2.921366e+00   2.329709e+00   1.351269e+00   1.131771e+00
7.930000e+00   2.919966e+00   2.327504e+00   1.349004e+00   1.135391e+00
7.940000e+00   2.918557e+00   2.325302e+00   1.346698e+00   1.139014e+00
7.950000e+00   2.917140e+00   2.323102e+00   1.344350e+00   1.142640e+00
7.960000e+00   2.915713e+00   2.320906e+00   1.341961e+00   1.146265e+00
7.970000e+00   2.914276e+00   2.318712e+00   1.339529e+00   1.149888e+00
7.980000e+00   2.912827e+00   2.316520e+00   1.337057e+00   1.153506e+00
7.990000e+00   2.911365e+00   2.314331e+00   1.334542e+00   1.157117e+00
8.000000e+00   2.909891e+00   2.312144e+00   1.331986e+00   1.160719e+00
8.010000e+00   2.908402e+00   2.309959e+00   1.329389e+00   1.164310e+00
8.020000e+00   2.906899e+00   2.307776e+00   1.326751e+00   1.167888e+00
8.030000e+00   2.905380e+00   2.305596e+00   1.324071e+00   1.171450e+00
8.040000e+00   2.903844e+00   2.303417e+00   1.321351e+00   1.174996e+00
8.050000e+00   2.902291e+00   2.301240e+00   1.318590e+00   1.178521e+00
8.060000e+00   2.900721e+00   2.299064e+00   1.315788e+00   1.182025e+00
8.070000e+00   2.899131e+00   2.296891e+00   1.312946e+00   1.185506e+00
8.080000e+00   2.897521e+00   2.294719e+00   1.310064e+00   1.188962e+00
8.090000e+00   2.895892e+00   2.292548e+00   1.307141e+00   1.192390e+00
8.100000e+00   2.894241e+00   2.290379e+00   1.304179e+00   1.195789e+00
8.110000e+00   2.892568e+00   2.288211e+00   1.301177e+00   1.199157e+00
8.120000e+00   2.890873e+00   2.286044e+00   1.298136e+00   1.202493e+00
8.130000e+00   2.889154e+00   2.283879e+00   1.295056e+00   1.205793e+00
8.140000e+00   2.887412e+00   2.281715e+00   1.291938e+00   1.209058e+00
8.150000e+00   2.885645e+00   2.279551e+00   1.288781e+00   1.212285e+00
8.160000e+00   2.883852e+00   2.277390e+00   1.285585e+00   1.215472e+00
8.170000e+00   2.882034e+00   2.275229e+00   1.282352e+00   1.218617e+00
8.180000e+00   2.880190e+00   2.273069e+00   1.279082e+00   1.221720e+00
8.190000e+00   2.878318e+00   2.270910e+00   1.275775e+00   1.224779e+00
8.200000e+00   2.876419e+00   2.268752e+00   1.272431e+00   1.227791e+00
8.210000e+00   2.874492e+00   2.266596e+00   1.269050e+00   1.230756e+00
8.220000e+00   2.872537e+00   2.264440e+00   1.265634e+00   1.233673e+00
8.230000e+00   2.870552e+00   2.262285e+00   1.262183e+00   1.236539e+00
8.240000e+00   2.868537e+00   2.260131e+00   1.258696e+00   1.239354e+00
8.250000e+00   2.866493e+00   2.257979e+00   1.255175e+00   1.242116e+00
8.260000e+00   2.864418e+00   2.255827e+00   1.251620e+00   1.244824e+00
8.270000e+00   2.862313e+00   2.253676e+00   1.248031e+00   1.247476e+00
8.280000e+00   2.860176e+00   2.251527e+00   1.244410e+00   1.250072e+00
8.290000e+00   2.858008e+00   2.249378e+00   1.240755e+00   1.252611e+00
8.300000e+00   2.855808e+00   2.247231e+00   1.237069e+00   1.255091e+00
8.310000e+00   2.853576e+00   2.245085e+00   1.233352e+00   1.257511e+00
8.320000e+00   2.851312e+00   2.242940e+00   1.229603e+00   1.259871e+00
8.330000e+00   2.849015e+00   2.240797e+00   1.225825e+00   1.262169e+00
8.340000e+00   2.846686e+00   2.238655e+00   1.222017e+00   1.264404e+00
8.350000e+00   2.844323e+00   2.236514e+00   1.218179e+00   1.266576e+00
8.360000e+00   2.841927e+00   2.234376e+00   1.214314e+00   1.268684e+00
8.370000e+00   2.839499e+00   2.232238e+00   1.210420e+00   1.270727e+00
8.380000e+00   2.837037e+00   2.230103e+00   1.206500e+00   1.272705e+00
8.390000e+00   2.834542e+00   2.227969e+00   1.202553e+00   1.274616e+00
8.400000e+00   2.832013e+00   2.225837e+00   1.198581e+00   1.276460e+00
8.410000e+00   2.829452e+00   2.223708e+00   1.194584e+00   1.278237e+00
8.420000e+00   2.826857e+00   2.221580e+00   1.190562e+00   1.279946e+00
8.430000e+00   2.824229e+00   2.219455e+00   1.186517e+00   1.281587e+00
8.440000e+00   2.821568e+00   2.217333e+00   1.182450e+00   1.283158e+00
8.450000e+00   2.818875e+00   2.215213e+00   1.178360e+00   1.284661e+00
8.460000e+00   2.816148e+00   2.213096e+00   1.174250e+00   1.286093e+00
8.470000e+00   2.813390e+00   2.210981e+00   1.170119e+00   1.287456e+00
8.480000e+00   2.810599e+00   2.208870e+00   1.165969e+00   1.288749e+00
8.490000e+00   2.807776e+00   2.206762e+00   1.161801e+00   1.289971e+00
8.500000e+00   2.804922e+00   2.204658e+00   1.157615e+00   1.291124e+00
8.510000e+00   2.802037e+00   2.202557e+00   1.153412e+00   1.292205e+00
8.520000e+00   2.799120e+00   2.200460e+00   1.149193e+00   1.293216e+00
8.530000e+00   2.796174e+00   2.198366e+00   1.144959e+00   1.294157e+00
8.540000e+00   2.793198e+00   2.196277e+00   1.140711e+00   1.295027e+00
8.550000e+00   2.790192e+00   2.194193e+00   1.136451e+00   1.295827e+00
8.560000e+00   2.787157e+00   2.192113e+00   1.132178e+00   1.296557e+00
8.570000e+00   2.784094e+00   2.190038e+00   1.127894e+00   1.297216e+00
8.580000e+00   2.781004e+00   2.187968e+00   1.123601e+00   1.297806e+00
8.590000e+00   2.777886e+00   2.185903e+00   1.119298e+00   1.298327e+00
8.600000e+00   2.774742e+00   2.183844e+00   1.114987e+00   1.298778e+00
8.610000e+00   2.771573e+00   2.181791e+00   1.110670e+00   1.299161e+00
8.620000e+00   2.768378e+00   2.179743e+00   1.106346e+00   1.299475e+00
8.630000e+00   2.765160e+00   2.177703e+00   1.102018e+00   1.299722e+00
8.640000e+00   2.761918e+00   2.175668e+00   1.097687e+00   1.299901e+00
8.650000e+00   2.758654e+00   2.173641e+00   1.093353e+00   1.300014e+00
8.660000e+00   2.755368e+00   2.171620e+00   1.089017e+00   1.300061e+00
8.670000e+00   2.752061e+00   2.169608e+00   1.084682e+00   1.300042e+00
8.680000e+00   2.748735e+00   2.167602e+00   1.080347e+00   1.299959e+00
8.690000e+00   2.745390e+00   2.165605e+00   1.076015e+00   1.299813e+00
8.700000e+00   2.742028e+00   2.163617e+00   1.071686e+00   1.299603e+00
8.710000e+00   2.738648e+00   2.161637e+00   1.067362e+00   1.299331e+00
8.720000e+00   2.735254e+00   2.159665e+00   1.063044e+00   1.298998e+00
8.730000e+00   2.731844e+00   2.157704e+00   1.058733e+00   1.298604e+00
8.740000e+00   2.728422e+00   2.155752e+00   1.054430e+00   1.298152e+00
8.750000e+00   2.724987e+00   2.153810e+00   1.050137e+00   1.297641e+00
8.760000e+00   2.721542e+00   2.151878e+00   1.045855e+00   1.297073e+00
8.770000e+00   2.718087e+00   2.149957e+00   1.041586e+00   1.296449e+00
8.780000e+00   2.714623e+00   2.148047e+00   1.037330e+00   1.295770e+00
8.790000e+00   2.711153e+00   2.146148e+00   1.033089e+00   1.295038e+00
8.800000e+00   2.707677e+00   2.144261e+00   1.028865e+00   1.294254e+00
8.810000e+00   2.704196e+00   2.142387e+00   1.024658e+00   1.293418e+00
8.820000e+00   2.700713e+00   2.140525e+00   1.020470e+00   1.292533e+00
8.830000e+00   2.697227e+00   2.138676e+00   1.016303e+00   1.291600e+00
8.840000e+00   2.693742e+00   2.136840e+00   1.012158e+00   1.290620e+00
8.850000e+00   2.690258e+00   2.135018e+00   1.008036e+00   1.289594e+00
8.860000e+00   2.686777e+00   2.133210e+00   1.003939e+00   1.288524e+00
8.870000e+00   2.683301e+00   2.131416e+00   9.998678e-01   1.287413e+00
8.880000e+00   2.679830e+00   2.129638e+00   9.958243e-01   1.286260e+00
8.890000e+00   2.676367e+00   2.127875e+00   9.918099e-01   1.285068e+00
8.900000e+00   2.672913e+00   2.126128e+00   9.878259e-01   1.283839e+00
8.910000e+00   2.669469e+00   2.124397e+00   9.838739e-01   1.282574e+00
8.920000e+00   2.666038e+00   2.122682e+00   9.799552e-01   1.281275e+00
8.930000e+00   2.662620e+00   2.120985e+00   9.760715e-01   1.279943e+00
8.940000e+00   2.659218e+00   2.119305e+00   9.722240e-01   1.278581e+00
8.950000e+00   2.655834e+00   2.117643e+00   9.684144e-01   1.277190e+00
8.960000e+00   2.652468e+00   2.115999e+00   9.646440e-01   1.275772e+00
8.970000e+00   2.649123e+00   2.114375e+00   9.609145e-01   1.274329e+00
8.980000e+00   2.645800e+00   2.112769e+00   9.572271e-01   1.272863e+00
8.990000e+00   2.642501e+00   2.111183e+00   9.535836e-01   1.271375e+00
9.000000e+00   2.639227e+00   2.109618e+00   9.499852e-01   1.269868e+00
9.010000e+00   2.635982e+00   2.108073e+00   9.464335e-01   1.268343e+00
9.020000e+00   2.632765e+00   2.106548e+00   9.429300e-01   1.266802e+00
9.030000e+00   2.629579e+00   2.105046e+00   9.394762e-01   1.265248e+00
9.040000e+00   2.626426e+00   2.103565e+00   9.360734e-01   1.263682e+00
9.050000e+00   2.623307e+00   2.102107e+00   9.327233e-01   1.262106e+00
9.060000e+00   2.620224e+00   2.100672e+00   9.294272e-01   1.260523e+00
9.070000e+00   2.617179e+00   2.099259e+00   9.261867e-01   1.258933e+00
9.080000e+00   2.614173e+00   2.097871e+00   9.230031e-01   1.257340e+00
9.090000e+00   2.611209e+00   2.096507e+00   9.198778e-01   1.255745e+00
9.100000e+00   2.608287e+00   2.095167e+00   9.168124e-01   1.254151e+00
9.110000e+00   2.605410e+00   2.093852e+00   9.138082e-01   1.252558e+00
9.120000e+00   2.602580e+00   2.092563e+00   9.108666e-01   1.250970e+00
9.130000e+00   2.599797e+00   2.091299e+00   9.079890e-01   1.249387e+00
9.140000e+00   2.597064e+00   2.090062e+00   9.051768e-01   1.247813e+00
9.150000e+00   2.594382e+00   2.088851e+00   9.024314e-01   1.246249e+00
9.160000e+00   2.591753e+00   2.087668e+00   8.997540e-01   1.244697e+00
9.170000e+00   2.589178e+00   2.086512e+00   8.971460e-01   1.243158e+00
9.180000e+00   2.586660e+00   2.085383e+00   8.946088e-01   1.241636e+00
9.190000e+00   2.584199e+00   2.084284e+00   8.921435e-01   1.240131e+00
9.200000e+00   2.581797e+00   2.083212e+00   8.897514e-01   1.238645e+00
9.210000e+00   2.579455e+00   2.082170e+00   8.874338e-01   1.237181e+00
9.220000e+00   2.577176e+00   2.081157e+00   8.851919e-01   1.235740e+00
9.230000e+00   2.574960e+00   2.080174e+00   8.830268e-01   1.234325e+00
9.240000e+00   2.572809e+00   2.079222e+00   8.809396e-01   1.232935e+00
9.250000e+00   2.570724e+00   2.078299e+00   8.789316e-01   1.231574e+00
9.260000e+00   2.568707e+00   2.077408e+00   8.770038e-01   1.230244e+00
9.270000e+00   2.566759e+00   2.076547e+00   8.751572e-01   1.228944e+00
9.280000e+00   2.564882e+00   2.075719e+00   8.733928e-01   1.227678e+00
9.290000e+00   2.563075e+00   2.074922e+00   8.717117e-01   1.226447e+00
9.300000e+00   2.561341e+00   2.074157e+00   8.701147e-01   1.225253e+00
9.310000e+00   2.559682e+00   2.073424e+00   8.686028e-01   1.224096e+00
9.320000e+00   2.558097e+00   2.072725e+00   8.671769e-01   1.222978e+00
9.330000e+00   2.556588e+00   2.072058e+00   8.658376e-01   1.221901e+00
9.340000e+00   2.555156e+00   2.071424e+00   8.645860e-01   1.220866e+00
9.350000e+00   2.553802e+00   2.070824e+00   8.634226e-01   1.219873e+00
9.360000e+00   2.552527e+00   2.070258e+00   8.623481e-01   1.218925e+00
9.370000e+00   2.551331e+00   2.069726e+00   8.613633e-01   1.218023e+00
9.380000e+00   2.550217e+00   2.069228e+00   8.604686e-01   1.217167e+00
9.390000e+00   2.549183e+00   2.068764e+00   8.596647e-01   1.216358e+00
9.400000e+00   2.548232e+00   2.068335e+00   8.589521e-01   1.215598e+00
9.410000e+00   2.547364e+00   2.067941e+00   8.583312e-01   1.214887e+00
9.420000e+00   2.546579e+00   2.067582e+00   8.578024e-01   1.214226e+00
9.430000e+00   2.545878e+00   2.067258e+00   8.573661e-01   1.213616e+00
9.440000e+00   2.545262e+00   2.066969e+00   8.570226e-01   1.213058e+00
9.450000e+00   2.544731e+00   2.066716e+00   8.567721e-01   1.212552e+00
9.460000e+00   2.544285e+00   2.066498e+00   8.566148e-01   1.212099e+00
9.470000e+00   2.543925e+00   2.066316e+00   8.565508e-01   1.211698e+00
9.480000e+00   2.543650e+00   2.066169e+00   8.565803e-01   1.211352e+00
9.490000e+00   2.543463e+00   2.066058e+00   8.567033e-01   1.211059e+00
9.500000e+00   2.543361e+00   2.065983e+00   8.569196e-01   1.210821e+00
9.510000e+00   2.543346e+00   2.065944e+00   8.572293e-01   1.210637e+00
9.520000e+00   2.543418e+00   2.065941e+00   8.576323e-01   1.210507e+00
9.530000e+00   2.543576e+00   2.065974e+00   8.581283e-01   1.210433e+00
9.540000e+00   2.543821e+00   2.066042e+00   8.587170e-01   1.210412e+00
9.550000e+00   2.544152e+00   2.066147e+00   8.593983e-01   1.210446e+00
9.560000e+00   2.544569e+00   2.066287e+00   8.601717e-01   1.210535e+00
9.570000e+00   2.545072e+00   2.066463e+00   8.610368e-01   1.210677e+00
9.580000e+00   2.545661e+00   2.066675e+00   8.619932e-01   1.210873e+00
9.590000e+00   2.546336e+00   2.066922e+00   8.630404e-01   1.211123e+00
9.600000e+00   2.547095e+00   2.067205e+00   8.641778e-01   1.211425e+00
9.610000e+00   2.547938e+00   2.067524e+00   8.654048e-01   1.211780e+00
9.620000e+00   2.548866e+00   2.067878e+00   8.667207e-01   1.212186e+00
9.630000e+00   2.549877e+00   2.068266e+00   8.681249e-01   1.212644e+00
9.640000e+00   2.550970e+00   2.068690e+00   8.696166e-01   1.213151e+00
9.650000e+00   2.552146e+00   2.069149e+00   8.711951e-01   1.213709e+00
9.660000e+00   2.553403e+00   2.069642e+00   8.728594e-01   1.214315e+00
9.670000e+00   2.554740e+00   2.070170e+00   8.746088e-01   1.214969e+00
9.680000e+00   2.556157e+00   2.070732e+00   8.764422e-01   1.215670e+00
9.690000e+00   2.557652e+00   2.071328e+00   8.783588e-01   1.216417e+00
9.700000e+00   2.559226e+00   2.071958e+00   8.803576e-01   1.217209e+00
9.710000e+00   2.560876e+00   2.072621e+00   8.824374e-01   1.218043e+00
9.720000e+00   2.562601e+00   2.073318e+00   8.845973e-01   1.218921e+00
9.730000e+00   2.564402e+00   2.074047e+00   8.868361e-01   1.219839e+00
9.740000e+00   2.566276e+00   2.074809e+00   8.891527e-01   1.220797e+00
9.750000e+00   2.568222e+00   2.075604e+00   8.915460e-01   1.221793e+00
9.760000e+00   2.570239e+00   2.076430e+00   8.940148e-01   1.222826e+00
9.770000e+00   2.572326e+00   2.077289e+00   8.965578e-01   1.223895e+00
9.780000e+00   2.574482e+00   2.078179e+00   8.991738e-01   1.224997e+00
9.790000e+00   2.576705e+00   2.079100e+00   9.018616e-01   1.226132e+00
9.800000e+00   2.578994e+00   2.080051e+00   9.046198e-01   1.227298e+00
9.810000e+00   2.581347e+00   2.081033e+00   9.074472e-01   1.228492e+00
9.820000e+00   2.583764e+00   2.082046e+00   9.103424e-01   1.229714e+00
9.830000e+00   2.586242e+00   2.083087e+00   9.133041e-01   1.230962e+00
9.840000e+00   2.588779e+00   2.084158e+00   9.163309e-01   1.232234e+00
9.850000e+00   2.591376e+00   2.085258e+00   9.194214e-01   1.233528e+00
9.860000e+00   2.594029e+00   2.086387e+00   9.225742e-01   1.234842e+00
9.870000e+00   2.596738e+00   2.087544e+00   9.257880e-01   1.236175e+00
9.880000e+00   2.599501e+00   2.088728e+00   9.290612e-01   1.237525e+00
9.890000e+00   2.602316e+00   2.089939e+00   9.323925e-01   1.238889e+00
9.900000e+00   2.605182e+00   2.091178e+00   9.357804e-01   1.240267e+00
9.910000e+00   2.608096e+00   2.092443e+00   9.392235e-01   1.241655e+00
9.920000e+00   2.611058e+00   2.093734e+00   9.427203e-01   1.243053e+00
9.930000e+00   2.614065e+00   2.095051e+00   9.462693e-01   1.244458e+00
9.940000e+00   2.617117e+00   2.096392e+00   9.498691e-01   1.245868e+00
9.950000e+00   2.620210e+00   2.097759e+00   9.535181e-01   1.247282e+00
9.960000e+00   2.623344e+00   2.099150e+00   9.572150e-01   1.248697e+00
9.970000e+00   2.626517e+00   2.100564e+00   9.609581e-01   1.250112e+00
9.980000e+00   2.629727e+00   2.102002e+00   9.647461e-01   1.251524e+00
9.990000e+00   2.632972e+00   2.103463e+00   9.685774e-01   1.252932e+00
